	Siciliano	Calabrese_Northern	Italian	Spanish	French	Portuguese	Romanian	Greek_Calabria	Greek	Greek_Cypriot	English	Dutch	Afrikaans	German	Danish	Icelandic	Faroese	Norwegian	Bulgarian	Serbo-Croatian	Slovenian	Polish	Russian	Irish	Welsh	Marathi	Hindi	Pashto	Tamil	Telugu	Mandarin	Cantonese	Japanese	Korean	Arabic	Hebrew	Hungarian	Khanty	Estonian	Finnish	Mari	Udmurt	Yukaghir	Even_1	Even_2	Evenki	Yakut	Uzbek	Kazakh	Kirghiz	Turkish	Buryat	Basque_Central	Basque_Western	Wolof	Malagasy	Archi	Lak
Siciliano	0.0	147.4742159209003	265.9088218756324	830.0768097527255	839.0861734995412	1077.622509866839	693.1776857224472	88.3197425410577	473.73638291863534	986.8448394233312	1021.935441367825	962.6367437789357	4296.72107920109	897.1508452711946	1087.611417610925	2037.4015892737066	1651.6433620842631	1345.3167998803112	535.5502224227382	504.99523875781216	510.6011775601469	931.0343866304175	1454.012381189839	1258.3723139177534	1099.5916480693566	3257.539449083709	3175.413473266935	2756.8844788800507	3812.334421549559	3580.1188582037166	4503.448385481553	5053.680327221274	5476.049161167862	4972.688646400247	1847.9993080143097	1086.727108920713	639.6404536723762	2455.5404749706463	1378.8985147311746	1421.5944896246497	1769.3415254802862	1937.8187819552854	4305.158570697459	3871.5275267878833	3957.879750270308	4340.392437062771	4074.6094520303604	2537.2393009044963	2834.675769574598	2743.8021790066277	903.5240794744622	3809.569038590783	814.9906249986409	832.9472744976363	2151.311305829523	2090.102569017059	1557.5204284180738	1584.8638681852694
Calabrese_Northern	147.4742159209003	0.0	177.32209232804115	866.3904436817508	774.3262939771794	1127.0316379830724	560.4562401290871	110.8688068267207	412.7775321018231	944.8130041830107	950.6225428747454	868.1808256366437	4423.241746180149	769.6950010910087	961.5166240725266	1953.9725285177296	1556.1061633553998	1221.057523415885	406.99733437400147	365.93348467462437	379.90482712553853	786.5453498989359	1307.961368953305	1195.1924814021734	1038.4715512092891	3199.008121703951	3088.482663047021	2662.7354368822967	3755.7668340654914	3516.9247854060577	4369.1085200443495	4939.859973371604	5333.441064254627	4834.7663058122625	1823.2095503898718	1056.3486169113637	494.07405869160084	2309.271818383858	1235.6045744688627	1278.4847213556914	1625.8702310748658	1794.8739120746125	4160.112299634947	3724.910018153165	3810.836643365611	4194.181915443331	3927.4428417302793	2426.1649371876347	2715.7972789970727	2626.610131835225	812.7920700183724	3668.7574864321073	825.0299360099988	839.0861734995412	2277.3226366430476	2084.740271310777	1452.5879049813063	1477.7011787248794
Italian	265.9088218756324	177.32209232804115	0.0	735.9894038762882	596.779408771361	1003.7032856566932	613.4660404991107	276.3803157626698	566.9844465384145	1099.1542362022763	774.0183886985146	699.840549877754	4560.290152129657	638.152085677232	826.7636960453881	1781.5247543961757	1389.164108104812	1082.517108566437	482.17053081081514	279.36072805872146	264.12329737329355	709.6353233799931	1281.9805151411038	1017.8196133112178	860.9974361498691	3331.8193809139407	3192.4018250560725	2758.7494447895456	3889.3649438001294	3645.044292787727	4384.534692662216	5000.321587950885	5316.764018226086	4838.041706605258	1982.463894818813	1216.1053427998945	436.222750889521	2274.0228600124005	1146.6187695100214	1187.8048146515546	1615.1206181549283	1785.8922135311277	4074.0529210932223	3652.8407475677245	3745.2646286544805	4155.371428578967	3870.1565269104067	2497.8535957791273	2772.110375535606	2686.588458837534	928.4609111435187	3663.2207321740507	674.3879213315067	685.583941029996	2250.5835101392677	2252.389569859691	1540.1520754454548	1561.4426873466593
Spanish	830.0768097527255	866.3904436817508	735.9894038762882	0.0	568.03041975505	269.8831501943746	1333.914678461472	905.9027483271542	1278.5793220755256	1808.2705224390386	681.5812654586382	799.0285490134713	4624.801263555202	1008.2318779189096	1118.351635522031	1559.6395881235612	1300.163161573082	1288.0059395270189	1215.5097825641699	917.8360729678174	862.3834058117944	1235.2135667868022	1856.2407052084286	782.7470321642392	663.9015381888047	4063.9547918617054	3924.7969458734674	3487.4103341061273	4621.097413313885	4379.502841900608	4976.395386949517	5679.79762092529	5806.843791191214	5393.090124337952	2677.5959480851766	1914.0760323256038	1065.0653966784673	2775.442827314253	1561.050874080236	1590.7268581725266	2204.2748730485487	2372.023749952285	4336.784062711208	3985.271782326208	4100.392640313907	4595.95725142201	4252.828119584241	3206.118620657335	3458.958394776385	3379.175158688406	1664.2440741861058	4212.284697155608	152.98269724616193	173.9563157392582	1703.0498197738668	2917.0166726288953	2267.5232685785095	2286.3065313110915
French	839.0861734995412	774.3262939771794	596.779408771361	568.03041975505	0.0	783.2037859615375	1009.1827506597546	869.9676015248299	1131.2943743791009	1644.0402271511837	185.15070623308597	231.677574332814	5040.029254818995	473.23560567476136	554.0660474132793	1204.441033848728	846.0284380034709	723.7536577301634	948.2271555744352	582.4786529500122	520.4952749701869	737.2827457519255	1341.6166777990006	421.01855331432404	264.12329737329355	3782.200785183439	3554.292276028319	3105.1923850860762	4336.134426911028	4076.7610278314432	4434.01664988668	5188.479514121879	5240.362428248987	4837.623599057347	2525.6197114693023	1770.3887900959337	671.3830061516898	2218.7744795568237	1002.7473665559104	1029.7697813452255	1686.9986643182376	1849.5428982804551	3787.3672137197345	3422.82363145379	3535.659194005066	4028.0296997528594	3686.1212908011994	2777.2030175730824	2995.2295749745767	2923.8375809501767	1401.6144229716667	3659.408894919267	417.0603609002993	401.4294283657253	2270.0465400843464	2816.98271992163	1905.7983440605963	1915.7667300676592
Portuguese	1077.622509866839	1127.0316379830724	1003.7032856566932	269.8831501943746	783.2037859615375	0.0	1603.6165797702606	1157.801857274518	1537.1335739535334	2062.8648888753796	854.7333465797792	1004.3002862437789	4618.839377355845	1246.3113027196953	1336.0936295103083	1591.9586189535353	1400.0530032951856	1476.7109486292375	1484.3690305081263	1186.0780600607807	1129.697664885874	1487.405517073316	2106.536328250263	885.485132905843	804.9766545701526	4326.0239075537565	4194.181915443331	3757.1219927915595	4882.662571695347	4643.588702750244	5215.75170946447	5940.993855382249	6011.843724906949	5620.338509025004	2923.5174016998994	2164.30670595358	1331.0041433235008	3001.739091332434	1785.822964583597	1812.2378299204165	2454.385728264234	2620.393124306942	4478.731503549422	4152.98167970672	4274.126722221855	4792.452087670536	4433.873525939571	3474.4000357489867	3723.7427515929385	3645.044292787727	1930.7943421670736	4442.529440118065	382.3904466584669	390.0563489952058	1507.7721899939784	3150.3095044166926	2537.2393009044963	2556.035994163431
Romanian	693.1776857224472	560.4562401290871	613.4660404991107	1333.914678461472	1009.1827506597546	1603.6165797702606	0.0	614.8202589467139	401.4294283657253	711.3106372993531	1128.4187296303453	964.7490702682102	4719.041434986955	698.6492659809398	849.6895187598242	1983.031274265945	1553.3527729330942	1081.1843427345505	159.04481000594464	436.222750889521	498.85156986356543	509.90378118791443	809.2621914771976	1369.3580076348346	1240.2874693960832	2777.4883726325434	2592.846723857489	2153.5991936503287	3333.320308444784	3078.584303021136	3810.490956078186	4389.6361387036595	4790.740862971198	4280.224506903451	1552.1713566403382	845.181366935175	347.0021432268724	1801.1369070556852	901.9348959334948	945.3195626961525	1094.6610330807734	1259.1404606865538	3728.8771553372712	3266.971201561832	3339.2778957105616	3677.778548985722	3440.166031642801	1884.4011166983164	2162.2039337211418	2075.2514124390186	403.7831247434699	3120.922477801427	1246.7958833331681	1251.5352834037694	2837.577434256307	1870.5678079976728	933.857219321968	952.5094917145796
Greek_Calabria	88.3197425410577	110.8688068267207	276.3803157626698	905.9027483271542	869.9676015248299	1157.801857274518	614.8202589467139	0.0	387.00813340673903	905.1105371823974	1049.3933574159944	974.3837631529407	4313.372226289651	879.9350901162268	1071.8101213272955	2057.867583523424	1663.1357843695725	1331.4593126175364	456.1439854284897	473.73638291863534	489.976804580323	888.0456021337282	1389.2515391404295	1291.102327884623	1133.3137609427677	3173.5171790625745	3087.603729055704	2668.8248715499494	3728.7993916023415	3495.298845529109	4423.349185728504	4966.729098963809	5403.12834999318	4894.967993735749	1772.0632419413455	1008.2318779189096	594.386304846386	2391.0248397450164	1338.1786307100554	1381.3618026467682	1698.9232458336328	1866.446428208051	4258.829755043655	3819.243043602071	3902.7618772361293	4275.0343628945375	4016.1566309032164	2450.1302958398273	2748.8874982095926	2657.6688848161693	815.4296380083548	3734.7844848779123	881.69855877197	898.2161191888722	2235.919926073456	2021.095980701087	1469.8447305916336	1497.4583191051345
Greek	473.73638291863534	412.7775321018231	566.9844465384145	1278.5793220755256	1131.2943743791009	1537.1335739535334	401.4294283657253	387.00813340673903	0.0	533.107456213685	1290.9148693934999	1167.9539145179076	4323.530914776123	973.1537347193007	1153.215837408411	2246.289155213612	1826.4690802590012	1405.8566601205555	283.9811799503314	583.2935579076153	634.6033830166749	862.5218828642934	1204.2407027069357	1540.707513830306	1391.348326487461	2789.7847154398787	2703.045878235322	2288.3112580050433	3345.8937947827467	3110.0485247275114	4110.1523249414095	4603.3413568259675	5128.893387062917	4595.003049018315	1415.4222460874905	649.2326410816199	607.2372789218373	2183.5585104920733	1288.193801263059	1332.1872763440379	1468.3516972639165	1626.1720854361815	4127.979978303876	3662.1599403375003	3730.8986864122417	4047.1471186161407	3826.1064726168747	2088.0554714377704	2399.4888988833004	2305.2364456308037	441.62246096672044	3456.5976541997925	1235.8000339313273	1248.925903172784	2586.8163567539227	1689.6228723014706	1104.5010049878006	1135.3296865210884
Greek_Cypriot	986.8448394233312	944.8130041830107	1099.1542362022763	1808.2705224390386	1644.0402271511837	2062.8648888753796	711.3106372993531	905.1105371823974	533.107456213685	0.0	1791.424251053926	1647.920377409731	4168.705737928287	1404.8188628109515	1560.8941231548233	2692.489109603854	2263.4810583134736	1789.6280421641413	707.1150165543607	1069.6787440390117	1128.6319825040723	1216.3038007998834	1310.7357439566094	2039.9850767635494	1897.3572101949508	2273.239264852109	2240.798001796956	1854.5682972334914	2826.614103291851	2598.815739586595	3836.5611874899137	4207.058553036697	4914.351514059516	4340.717131550964	884.9451637801037	134.03653303207034	1038.4715512092891	2165.7659261853396	1560.9725004480013	1601.3218977161337	1464.6128654924185	1589.1088282019457	4164.850706070277	3671.2297670296666	3715.449099549533	3933.373831504492	3779.6546746880076	1732.4666500656854	2073.494536305891	1973.1762210990494	352.41851699054536	3265.4498407457145	1768.992311891708	1782.149272542933	2987.2693879024605	1175.9738955890996	799.0285490134713	839.6549972718831
English	1021.935441367825	950.6225428747454	774.0183886985146	681.5812654586382	185.15070623308597	854.7333465797792	1128.4187296303453	1049.3933574159944	1290.9148693934999	1791.424251053926	0.0	192.66176889862203	5217.645161164099	502.64111273149604	515.6868123858792	1019.2325714439758	665.868992681834	622.3118209669157	1087.0588061519215	721.7769797531482	663.0053347765423	781.5277396242802	1349.3668310851715	249.85407393696693	114.02238806287241	3880.5848239652305	3621.5951276177802	3170.3693075627134	4430.688572621544	4166.613207485718	4393.083705200867	5186.619580283209	5157.67887831628	4779.177345647435	2666.9599232598002	1920.3768543075753	781.985193260853	2167.107658894027	962.3879379975185	982.5863039211597	1686.4879662203173	1842.2172896135087	3655.201364004114	3307.617160984303	3425.363076370501	3937.6774959798986	3581.990538833786	2823.140306489563	3020.580936796488	2954.4996774005326	1529.083708686811	3607.7356393162568	529.758405647925	507.8058877389601	2361.147394471219	2967.1872131296795	1991.0223462570575	1997.2945947381866
Dutch	962.6367437789357	868.1808256366437	699.840549877754	799.0285490134713	231.677574332814	1004.3002862437789	964.7490702682102	974.3837631529407	1167.9539145179076	1647.920377409731	192.66176889862203	0.0	5225.2184200554475	311.02741277603764	335.5558214566161	1088.2741933933846	689.2185248579319	492.63183357726496	940.8781627585415	585.528754823079	533.5524206633474	590.3764581167063	1158.9456343564725	407.86956138646394	303.3224572459048	3697.931120905954	3430.7246908738807	2979.3386923589596	4246.2767349878695	3980.769405714384	4221.304951167359	5000.425421127741	5012.0178453239105	4617.004470635897	2513.802048341834	1779.3026320615293	618.2890604605739	1999.7360513643807	786.6969078049777	810.4404941163767	1498.2728439689104	1655.878150568297	3559.1310142446687	3191.457293702715	3304.012251186722	3797.880703770514	3454.5209805729774	2630.4836048709817	2828.771847758676	2762.1898929399326	1368.2940660348368	3441.2276514529362	647.2152410943363	630.0925710648102	2499.3539087456056	2822.8585041260308	1805.6669707680142	1810.7339160140289
Afrikaans	4296.72107920109	4423.241746180149	4560.290152129657	4624.801263555202	5040.029254818995	4618.839377355845	4719.041434986955	4313.372226289651	4323.530914776123	4168.705737928287	5217.645161164099	5225.2184200554475	0.0	5192.474718650128	5383.773774992459	6184.371858363472	5883.495732103122	5642.01095523056	4604.471606336103	4785.641205413961	4802.890771699105	5170.187385955644	5469.481592676147	5391.233736234042	5248.415005845374	4447.498405314468	5019.732129549303	5043.831382348135	4513.1582502903075	4607.79120846443	6990.623043070894	6406.700856548138	7948.880136821743	7400.127646193883	3869.6613795441845	4068.4855959495935	4884.713934891923	6297.192081749174	5609.867263414419	5654.005519771961	5626.195026120307	5733.779344966455	8268.590671690778	7760.351280445952	7762.796710443368	7711.297631410829	7760.129039343284	5311.708957008587	5625.058121910205	5540.126980773122	4502.131834932439	6932.967280348169	4748.994576125074	4775.787301266321	3563.6062476854936	3577.4098387685826	4823.925898747527	4864.36585149988
German	897.1508452711946	769.6950010910087	638.152085677232	1008.2318779189096	473.23560567476136	1246.3113027196953	698.6492659809398	879.9350901162268	973.1537347193007	1404.8188628109515	502.64111273149604	311.02741277603764	5192.474718650128	0.0	192.04705610474878	1288.287722343453	860.9974361498691	451.9673929874404	711.4779548222417	414.4959481848677	390.0563489952058	279.36072805872146	868.3183976776821	710.4734670932604	614.2402413046307	3392.048449389473	3119.570158878026	2668.236051856166	3938.5832194016	3672.0144134662423	3970.516852284338	4715.289271171171	4811.126070177533	4385.181482088637	2248.4372073792247	1538.4846387343	371.39356843222606	1768.992311891708	562.1481311761264	596.580346420905	1213.920253521814	1377.1364722538897	3457.2897018807307	3055.7972726093385	3157.755886486463	3613.402091212929	3295.618505649574	2321.947256545735	2527.7728630270813	2458.79235722362	1099.3729631434637	3204.149335770919	867.354944946043	856.9657149450002	2702.4143575092216	2569.2639802825706	1498.1099721539397	1502.0143338740902
Danish	1087.611417610925	961.5166240725266	826.7636960453881	1118.351635522031	554.0660474132793	1336.0936295103083	849.6895187598242	1071.8101213272955	1153.215837408411	1560.8941231548233	515.6868123858792	335.5558214566161	5383.773774992459	192.04705610474878	0.0	1136.6011277871487	706.2729440668788	260.5156107614224	883.1880347789981	605.4740161172671	581.8667324613604	362.3568186543462	841.9265259516807	668.3647542036983	613.2723392120012	3463.839429756418	3155.5492346234782	2704.114341892154	4002.9188637434454	3732.0646690270855	3885.9833790881175	4671.076518597544	4688.544046264024	4284.215124495605	2383.504124491036	1694.7874577484984	546.3000238114704	1665.8683379532106	451.4426178538506	476.232420407663	1173.3064218131433	1327.0835682889783	3288.262158461899	2898.4620353519276	3005.0123875307277	3480.2402351697583	3148.7927376827697	2336.260836102815	2516.220635877055	2453.8081870059923	1240.1900815746574	3107.1617412093287	969.701577820084	955.0197728688727	2821.3551947910046	2712.311072126986	1572.3765843281994	1571.2863779383702
Icelandic	2037.4015892737066	1953.9725285177296	1781.5247543961757	1559.6395881235612	1204.441033848728	1591.9586189535353	1983.031274265945	2057.867583523424	2246.289155213612	2692.489109603854	1019.2325714439758	1088.2741933933846	6184.371858363472	1288.287722343453	1136.6011277871487	0.0	430.2052232856665	942.6571705417107	1997.545122047139	1663.8747197659152	1616.8662384261738	1495.5017654264182	1784.714649476688	806.1611051617601	960.0211515014461	4497.505046551723	4097.062963004133	3659.919895602353	5007.96965820573	4730.257975240145	4254.137876436144	5219.159882629743	4747.104302640467	4522.150312001977	3518.6158389948023	2826.2387149719075	1658.1770965519536	2157.290575017473	1321.7778563199345	1303.7892775086711	2017.1877056257104	2114.2348019424953	3015.6214772294948	2796.130163477689	2937.7629651483394	3541.9972258650205	3123.3207317391207	3242.656132248904	3324.76733377789	3289.9445865461194	2376.7185124459984	3456.5976541997925	1437.3391681779742	1410.4316454090538	2972.883543184059	3848.872449339765	2649.9313207233895	2640.64229778905
Faroese	1651.6433620842631	1556.1061633553998	1389.164108104812	1300.163161573082	846.0284380034709	1400.0530032951856	1553.3527729330942	1663.1357843695725	1826.4690802590012	2263.4810583134736	665.868992681834	689.2185248579319	5883.495732103122	860.9974361498691	706.2729440668788	430.2052232856665	0.0	523.9030765919665	1571.9873055638852	1247.2802840070253	1203.940146070432	1065.6290347370557	1395.8811564849964	519.81105438077	642.4219568419485	4103.203370585464	3733.3470091423455	3288.9351993516134	4625.295040997195	4349.227870341674	4099.356878118817	5007.935055970609	4716.727113622853	4420.161394978656	3088.7902476763074	2397.2949198536494	1231.983223887364	1914.4012702188395	927.9453805858109	917.0539294130903	1660.1029831362027	1776.0343081705396	3086.7685759293868	2794.4738402929256	2925.6209580051445	3492.0234422628114	3098.9282943155167	2885.0417574978583	3000.3931435968398	2955.9517201579874	1946.423341135593	3296.626513730313	1158.7377556603828	1133.2075638862675	2875.7445633980274	3418.5611838373816	2236.1470149558104	2229.0980631039356
Norwegian	1345.3167998803112	1221.057523415885	1082.517108566437	1288.0059395270189	723.7536577301634	1476.7109486292375	1081.1843427345505	1331.4593126175364	1405.8566601205555	1789.6280421641413	622.3118209669157	492.63183357726496	5642.01095523056	451.9673929874404	260.5156107614224	942.6571705417107	523.9030765919665	0.0	1130.6559513412942	865.7008703065972	841.6429134263255	573.439005973298	886.6988878729347	682.4533829651276	688.5276826154163	3582.786818056602	3230.1537104985655	2782.2409628119085	4109.339435823498	3834.3796226758586	3790.7964731534944	4628.257364636072	4535.431706963235	4163.67551657956	2585.3069994412417	1923.164097777433	799.1777813750863	1563.7916491081767	424.3820527343671	424.66114790430686	1179.2489820367086	1313.6889345618765	3069.016214948234	2699.1091281671725	2812.557943536572	3315.948677279279	2965.105588251205	2389.951660010777	2533.3538628657047	2480.572694715102	1456.8574071328676	2998.5080736942823	1135.4356923450691	1116.521645989483	2981.6834670099092	2921.870351870938	1712.3552361407649	1705.2902524944325
Bulgarian	535.5502224227382	406.99733437400147	482.17053081081514	1215.5097825641699	948.2271555744352	1484.3690305081263	159.04481000594464	456.1439854284897	283.9811799503314	707.1150165543607	1087.0588061519215	940.8781627585415	4604.471606336103	711.4779548222417	883.1880347789981	1997.545122047139	1571.9873055638852	1130.6559513412942	0.0	366.58005237651963	427.9961666279986	579.4126499149612	959.2725638260408	1334.4597328357595	1194.9906635109846	2865.774613625081	2710.4212439043818	2276.5959161953683	3423.110403843388	3173.862018664533	3967.998597279265	4534.686311399904	4950.021470962797	4438.953374996373	1580.220934391632	838.3746118870596	340.11081657600624	1955.6324205689784	1005.7316831348319	1049.8508072981663	1252.2109412744321	1417.3966888971115	3870.3088731030566	3413.392457331546	3488.462784999295	3834.5710151261756	3592.254297769222	2023.7597099945324	2309.271818383858	2220.716851617322	460.54035634050587	3280.220537045717	1140.5128095112132	1147.9830569279072	2683.756426738875	1882.6191757911	1058.7328106132047	1080.9620606467415
Serbo-Croatian	504.99523875781216	365.93348467462437	279.36072805872146	917.8360729678174	582.4786529500122	1186.0780600607807	436.222750889521	473.73638291863534	583.2935579076153	1069.6787440390117	721.7769797531482	585.528754823079	4785.641205413961	414.4959481848677	605.4740161172671	1663.8747197659152	1247.2802840070253	865.7008703065972	366.58005237651963	0.0	63.38981641636182	432.4030531543768	1007.637139944989	970.3189110851426	828.7819206158244	3213.0472804755937	3022.0095894627843	2579.1616306942337	3769.190085032945	3514.70954274061	4122.07833567985	4770.229094872919	5040.9625450486365	4569.250824368895	1946.4874268245092	1199.1214169134928	161.25940073564837	1995.8535227062594	875.5794452346001	917.8360729678174	1345.3167998803112	1516.2498461654327	3803.7273592358615	3377.233132107167	3468.106748196231	3876.4000862523126	3591.618303835263	2288.3669236014402	2544.6389499634934	2463.192493195706	819.8070812895007	3391.8836092423944	818.3504860024013	821.1158497931774	2512.8752784077237	2245.6104586795473	1362.1611363365307	1377.75342958007
Slovenian	510.6011775601469	379.90482712553853	264.12329737329355	862.3834058117944	520.4952749701869	1129.697664885874	498.85156986356543	489.976804580323	634.6033830166749	1128.6319825040723	663.0053347765423	533.5524206633474	4802.890771699105	390.0563489952058	581.8667324613604	1616.8662384261738	1203.940146070432	841.6429134263255	427.9961666279986	63.38981641636182	0.0	449.0735847194778	1042.5082751637785	912.2162455975807	768.9204526957494	3275.920594967156	3082.5903815073166	2639.1081025387493	3832.0059223932913	3577.330142791916	4162.977676356054	4821.764100728736	5071.608508467242	4606.272760587302	2007.044656907336	1257.3153803966259	205.14612743617184	2023.5120516716258	882.375898132046	923.5520358463416	1383.557662178664	1554.3759907983597	3809.9147720941487	3389.2866870752005	3482.671821948378	3900.6002835343756	3609.3212004310435	2344.835484908433	2597.6127903486563	2517.0949777853148	882.5113049949882	3427.410131770993	759.251508691758	761.2888748914789	2473.434427121099	2304.240504262214	1423.0481425169592	1438.1009850495993
Polish	931.0343866304175	786.5453498989359	709.6353233799931	1235.2135667868022	737.2827457519255	1487.405517073316	509.90378118791443	888.0456021337282	862.5218828642934	1216.3038007998834	781.5277396242802	590.3764581167063	5170.187385955644	279.36072805872146	362.3568186543462	1495.5017654264182	1065.6290347370557	573.439005973298	579.4126499149612	432.4030531543768	449.0735847194778	0.0	621.1650902831926	985.7514962414828	893.4126121969358	3119.395635835204	2840.4300933751833	2389.0391413508933	3663.809982745247	3396.0030475301814	3745.8075876380162	4458.001592567913	4628.927333125126	4176.594335278086	2023.1405140660659	1349.7262761592506	293.8106265030849	1578.8255825405029	450.3912438274113	493.83397832632687	969.0838617889774	1137.2363349087282	3374.2153404398714	2945.00297923031	3035.957794802979	3452.2397931876585	3160.739636079212	2044.8980603731718	2257.9692666169917	2186.685411333066	885.0801862594218	2995.319431895988	1104.9363730509308	1098.2789077819675	2901.5913168606867	2354.7426841472675	1224.8083552242956	1227.0732626565718
Russian	1454.012381189839	1307.961368953305	1281.9805151411038	1856.2407052084286	1341.6166777990006	2106.536328250263	809.2621914771976	1389.2515391404295	1204.2407027069357	1310.7357439566094	1349.3668310851715	1158.9456343564725	5469.481592676147	868.3183976776821	841.9265259516807	1784.714649476688	1395.8811564849964	886.6988878729347	959.2725638260408	1007.637139944989	1042.5082751637785	621.1650902831926	0.0	1507.853139702759	1452.5040713813166	2712.9892204246053	2343.471860104271	1895.914276286122	3229.770459839807	2953.4102983428647	3126.414732057545	3846.9621681511726	4034.9290291846864	3564.005654410668	1905.4717923747032	1423.7317305463282	846.8746789622297	1001.7905613484628	467.94529482928635	481.43224648239567	348.02411220099674	516.3764562262247	2925.0723130209226	2458.268099718228	2530.0781578727	2886.427461492169	2633.212169859974	1505.9902670587653	1674.2617452713764	1612.6129787394502	968.3420962684531	2384.9560873224277	1724.3334419785203	1716.6675882669954	3514.6289720347945	2257.7440521438657	906.4305133697865	887.5071561812549
Irish	1258.3723139177534	1195.1924814021734	1017.8196133112178	782.7470321642392	421.01855331432404	885.485132905843	1369.3580076348346	1291.102327884623	1540.707513830306	2039.9850767635494	249.85407393696693	407.86956138646394	5391.233736234042	710.4734670932604	668.3647542036983	806.1611051617601	519.81105438077	682.4533829651276	1334.4597328357595	970.3189110851426	912.2162455975807	985.7514962414828	1507.853139702759	0.0	159.04481000594464	4102.426812552679	3819.319767395502	3367.6362016825983	4648.871811182964	4381.659624555852	4469.280686803211	5308.16686221538	5171.668904930226	4829.921943982266	2913.395377921964	2169.3811323325917	1022.2874783401822	2244.309134008139	1080.850903029172	1091.9125108931917	1830.9423663498078	1977.2245913530085	3593.6055582285753	3278.619043919724	3404.0677248452084	3945.7874262476466	3570.033366627188	3004.429662710066	3180.9254787389823	3120.486291291019	1771.923759279118	3673.5834110886826	645.928199469908	619.6328509015652	2379.2515428023908	3215.9525338164826	2208.5243168544407	2212.079264645002
Welsh	1099.5916480693566	1038.4715512092891	860.9974361498691	663.9015381888047	264.12329737329355	804.9766545701526	1240.2874693960832	1133.3137609427677	1391.348326487461	1897.3572101949508	114.02238806287241	303.3224572459048	5248.415005845374	614.2402413046307	613.2723392120012	960.0211515014461	642.4219568419485	688.5276826154163	1194.9906635109846	828.7819206158244	768.9204526957494	893.4126121969358	1452.5040713813166	159.04481000594464	0.0	3994.5310917082647	3733.8132521649086	3282.4533158518498	4544.62151777188	4280.442217248806	4474.631086428982	5282.578116891315	5217.128770761608	4852.11314210589	2775.1573097854507	2025.4307052841982	894.4822367586482	2247.0242123519643	1052.7055062194393	1070.0155503589153	1786.5153443352185	1939.8124135902717	3681.657536444126	3348.138732589695	3469.244136294379	3994.006562058202	3629.895566317908	2932.518196735153	3125.674112541077	3060.7978944928245	1640.0018776684972	3685.2601105021326	518.2110532678648	493.35346952064816	2311.866785046246	3072.502005166669	2104.862101879032	2110.955497744114
Marathi	3257.539449083709	3199.008121703951	3331.8193809139407	4063.9547918617054	3782.200785183439	4326.0239075537565	2777.4883726325434	3173.5171790625745	2789.7847154398787	2273.239264852109	3880.5848239652305	3697.931120905954	4447.498405314468	3392.048449389473	3463.839429756418	4497.505046551723	4103.203370585464	3582.786818056602	2865.774613625081	3213.0472804755937	3275.920594967156	3119.395635835204	2712.9892204246053	4102.426812552679	3994.5310917082647	0.0	619.0572940249111	905.2426193999249	557.4831856022837	335.20288171248615	2559.893518105624	2315.065697727941	3627.880790236786	3019.017784187684	1492.4807080936957	2187.4376086261946	3110.966647189757	2687.125303099675	3178.3856169628916	3194.247394386012	2504.263581960736	2444.868252806431	4069.1538688578457	3621.9115434262626	3554.6923252762786	3305.437763357803	3474.1565591870517	1346.1277305036115	1462.1986414502283	1429.9552481760688	2406.6478553241136	2551.1057262460813	4003.7047650973677	4012.531501244121	5132.307233534734	1438.1856079283377	1894.6016633288573	1893.2225415619614
Hindi	3175.413473266935	3088.482663047021	3192.4018250560725	3924.7969458734674	3554.292276028319	4194.181915443331	2592.846723857489	3087.603729055704	2703.045878235322	2240.798001796956	3621.5951276177802	3430.7246908738807	5019.732129549303	3119.570158878026	3155.5492346234782	4097.062963004133	3733.3470091423455	3230.1537104985655	2710.4212439043818	3022.0095894627843	3082.5903815073166	2840.4300933751833	2343.471860104271	3819.319767395502	3733.8132521649086	619.0572940249111	0.0	451.70508118974135	947.3431566931602	676.8526688186347	2039.739154385982	2024.5644150623984	3149.7895279665827	2529.1050194723193	1647.1002795150268	2189.1725989544666	2895.191987365753	2140.2528053616425	2809.117998331006	2817.0297633981627	2080.09123181124	1988.760049850326	3451.995323153998	3002.8603771017647	2936.2586580034217	2707.6088186540424	2858.8497826270386	855.4315745167004	876.8066095916703	865.0107588927641	2275.924922396699	1943.1524744622734	3839.0098573598284	3842.7959679667506	5219.125457533256	1726.6913937674751	1659.9549110856735	1644.6377229485608
Pashto	2756.8844788800507	2662.7354368822967	2758.7494447895456	3487.4103341061273	3105.1923850860762	3757.1219927915595	2153.5991936503287	2668.8248715499494	2288.3112580050433	1854.5682972334914	3170.3693075627134	2979.3386923589596	5043.831382348135	2668.236051856166	2704.114341892154	3659.919895602353	3288.9351993516134	2782.2409628119085	2276.5959161953683	2579.1616306942337	2639.1081025387493	2389.0391413508933	1895.914276286122	3367.6362016825983	3282.4533158518498	905.2426193999249	451.70508118974135	0.0	1354.838544687753	1076.6186914503392	2172.874771963957	2357.0239985443786	3301.6634482096524	2683.3656168130556	1391.2610199622495	1819.400091412549	2449.13122541411	1782.5655075049847	2362.7733911061628	2371.969742022137	1643.6666905243658	1563.9481298796677	3314.651724896951	2834.0202415967015	2790.495578808016	2670.492636633447	2744.8102298788826	442.15882490482613	608.8003809136457	550.4122964090066	1853.5641998761241	1891.8425182600947	3397.279412379992	3400.2838134792714	4841.630118801201	1557.12769692823	1219.8707560945097	1201.8342318029693
Tamil	3812.334421549559	3755.7668340654914	3889.3649438001294	4621.097413313885	4336.134426911028	4882.662571695347	3333.320308444784	3728.7993916023415	3345.8937947827467	2826.614103291851	4430.688572621544	4246.2767349878695	4513.1582502903075	3938.5832194016	4002.9188637434454	5007.96965820573	4625.295040997195	4109.339435823498	3423.110403843388	3769.190085032945	3832.0059223932913	3663.809982745247	3229.770459839807	4648.871811182964	4544.62151777188	557.4831856022837	947.3431566931602	1354.838544687753	0.0	278.5124290998711	2491.63755391767	2007.7929275357296	3461.3994601199815	2888.1358067084516	2021.4058757127643	2737.266856977651	3664.831218155951	3086.3289567014363	3697.462275031604	3710.3430072119363	2995.993295828029	2918.619969508618	4212.357769775477	3812.488021455573	3722.8866225219676	3369.333516669255	3611.738373760813	1789.0058960662177	1817.0155104914506	1811.691082958407	2964.154922255552	2672.502671068288	4561.282132429425	4570.065144581489	5637.462072619857	1918.4301228050874	2440.7046203674117	2436.851990751329
Telugu	3580.1188582037166	3516.9247854060577	3645.044292787727	4379.502841900608	4076.7610278314432	4643.588702750244	3078.584303021136	3495.298845529109	3110.0485247275114	2598.815739586595	4166.613207485718	3980.769405714384	4607.79120846443	3672.0144134662423	3732.0646690270855	4730.257975240145	4349.227870341674	3834.3796226758586	3173.862018664533	3514.70954274061	3577.330142791916	3396.0030475301814	2953.4102983428647	4381.659624555852	4280.442217248806	335.20288171248615	676.8526688186347	1076.6186914503392	278.5124290998711	0.0	2382.85857074839	2027.2859425894092	3407.2325948524567	2812.840535348511	1827.757858734909	2516.477820951357	3405.999755640499	2817.0297633981627	3421.266596335193	3433.6692360831157	2717.684178991321	2640.493858262395	4021.572607253922	3603.05578368197	3521.151469513542	3206.7178021456753	3420.938741165556	1511.7339593649501	1552.0137712047347	1541.8178310387227	2717.2004562387624	2483.225705243381	4314.0955880705815	4321.8685944201125	5467.315383427497	1766.546057559686	2175.60807331033	2170.1384996629117
Mandarin	4503.448385481553	4369.1085200443495	4384.534692662216	4976.395386949517	4434.01664988668	5215.75170946447	3810.490956078186	4423.349185728504	4110.1523249414095	3836.5611874899137	4393.083705200867	4221.304951167359	6990.623043070894	3970.516852284338	3885.9833790881175	4254.137876436144	4099.356878118817	3790.7964731534944	3967.998597279265	4122.07833567985	4162.977676356054	3745.8075876380162	3126.414732057545	4469.280686803211	4474.631086428982	2559.893518105624	2039.739154385982	2172.874771963957	2491.63755391767	2382.85857074839	0.0	1056.4622680802884	1128.8451965493366	513.6123666444032	3560.010350473126	3847.7645489448564	3961.1162116557516	2227.6745925537775	3434.691267816709	3411.66842248321	2780.7683304088596	2610.571136126149	1937.6900977541088	1735.5253882119343	1593.9583472072832	1019.3502321502774	1413.4452030293592	2123.749525717745	1770.598175373892	1872.4927492521072	3687.4911083874063	802.8997387921165	4837.867496146621	4827.237885431133	6634.488316154109	3722.3028332868935	3047.331435507239	3009.4921276528025
Cantonese	5053.680327221274	4939.859973371604	5000.321587950885	5679.79762092529	5188.479514121879	5940.993855382249	4389.6361387036595	4966.729098963809	4603.3413568259675	4207.058553036697	5186.619580283209	5000.425421127741	6406.700856548138	4715.289271171171	4671.076518597544	5219.159882629743	5007.935055970609	4628.257364636072	4534.686311399904	4770.229094872919	4821.764100728736	4458.001592567913	3846.9621681511726	5308.16686221538	5282.578116891315	2315.065697727941	2024.5644150623984	2357.0239985443786	2007.7929275357296	2027.2859425894092	1056.4622680802884	0.0	1553.5102319034156	1127.0316379830724	3670.248820429893	4176.300926858842	4617.145625359388	3093.66473813179	4231.520137140464	4217.471466644023	3503.0954367369113	3344.6045833994744	2953.72806464921	2790.495578808016	2647.216466778228	2049.004712764045	2462.878412332942	2516.837844086253	2228.24407416708	2314.4041599917578	4161.802246011722	1790.7335950613672	5559.396670179375	5554.544389411003	7186.320667342496	3715.05946427823	3499.461078349224	3470.2188519469405
Japanese	5476.049161167862	5333.441064254627	5316.764018226086	5806.843791191214	5240.362428248987	6011.843724906949	4790.740862971198	5403.12834999318	5128.893387062917	4914.351514059516	5157.67887831628	5012.0178453239105	7948.880136821743	4811.126070177533	4688.544046264024	4747.104302640467	4716.727113622853	4535.431706963235	4950.021470962797	5040.9625450486365	5071.608508467242	4628.927333125126	4034.9290291846864	5171.668904930226	5217.128770761608	3627.880790236786	3149.7895279665827	3301.6634482096524	3461.3994601199815	3407.2325948524567	1128.8451965493366	1553.5102319034156	0.0	621.7387171140805	4687.946875820431	4938.264287845529	4880.993529137455	3050.258722731328	4250.280874647779	4218.493878701235	3707.807943056088	3538.5883985073756	1834.0542796584027	1951.8639335714943	1809.365739117097	1226.2859229470796	1625.34186126159	3233.8994067859253	2877.4576888069337	2979.5191078520315	4728.365693875245	1672.4244034658984	5657.41832625066	5641.494015525797	7509.887202558261	4849.1533448293785	4116.061972760014	4076.1675442080796
Korean	4972.688646400247	4834.7663058122625	4838.041706605258	5393.090124337952	4837.623599057347	5620.338509025004	4280.224506903451	4894.967993735749	4595.003049018315	4340.717131550964	4779.177345647435	4617.004470635897	7400.127646193883	4385.181482088637	4284.215124495605	4522.150312001977	4420.161394978656	4163.67551657956	4438.953374996373	4569.250824368895	4606.272760587302	4176.594335278086	3564.005654410668	4829.921943982266	4852.11314210589	3019.017784187684	2529.1050194723193	2683.3656168130556	2888.1358067084516	2812.840535348511	513.6123666444032	1127.0316379830724	621.7387171140805	0.0	4072.2346649608407	4355.606561061025	4407.903590784587	2618.9490955864217	3835.0303357204093	3808.0706595993593	3223.975306707834	3053.05105878433	1875.409957155238	1816.8109860487725	1666.6061579385878	1031.2831889221065	1471.584806275868	2635.4429584991235	2281.1207394721177	2383.1813658589303	4179.234592560078	1181.6995750202382	5249.37850551953	5236.57672833358	7077.930697142348	4227.982525043233	3547.487189835652	3508.9054974626592
Arabic	1847.9993080143097	1823.2095503898718	1982.463894818813	2677.5959480851766	2525.6197114693023	2923.5174016998994	1552.1713566403382	1772.0632419413455	1415.4222460874905	884.9451637801037	2666.9599232598002	2513.802048341834	3869.6613795441845	2248.4372073792247	2383.504124491036	3518.6158389948023	3088.7902476763074	2585.3069994412417	1580.220934391632	1946.4874268245092	2007.044656907336	2023.1405140660659	1905.4717923747032	2913.395377921964	2775.1573097854507	1492.4807080936957	1647.1002795150268	1391.2610199622495	2021.4058757127643	1827.757858734909	3560.010350473126	3670.248820429893	4687.946875820431	4072.2346649608407	0.0	766.903027168467	1896.2423022388384	2475.6245965422554	2278.384412406632	2311.921970373298	1904.5571809395083	1960.7319383263953	4399.688631234466	3891.681742427863	3894.3015007569697	3936.46969654987	3904.505860185974	1499.8193006452839	1848.9390230803042	1750.9573663160982	1149.2410154419467	3180.150755553761	2648.0558393805813	2662.342191771871	3643.4680501606013	352.41851699054536	1038.3559927294143	1071.3617512198018
Hebrew	1086.727108920713	1056.3486169113637	1216.1053427998945	1914.0760323256038	1770.3887900959337	2164.30670595358	845.181366935175	1008.2318779189096	649.2326410816199	134.03653303207034	1920.3768543075753	1779.3026320615293	4068.4855959495935	1538.4846387343	1694.7874577484984	2826.2387149719075	2397.2949198536494	1923.164097777433	838.3746118870596	1199.1214169134928	1257.3153803966259	1349.7262761592506	1423.7317305463282	2169.3811323325917	2025.4307052841982	2187.4376086261946	2189.1725989544666	1819.400091412549	2737.266856977651	2516.477820951357	3847.7645489448564	4176.300926858842	4938.264287845529	4355.606561061025	766.903027168467	0.0	1171.559149339201	2249.567058156662	1689.1129028442426	1728.9750838022208	1558.541099269675	1675.069588449834	4249.771346997528	3752.3583531840536	3791.412785743664	3986.6219931901805	3848.8342487585364	1730.6147840964509	2078.579847696503	1977.09819113697	478.9631337273015	3302.3765962777707	1881.2982425045523	1895.4549544545907	3030.526662482755	1047.1032040338134	838.5169715534952	880.4780637744457
Hungarian	639.6404536723762	494.07405869160084	436.222750889521	1065.0653966784673	671.3830061516898	1331.0041433235008	347.0021432268724	594.386304846386	607.2372789218373	1038.4715512092891	781.985193260853	618.2890604605739	4884.713934891923	371.39356843222606	546.3000238114704	1658.1770965519536	1231.983223887364	799.1777813750863	340.11081657600624	161.25940073564837	205.14612743617184	293.8106265030849	846.8746789622297	1022.2874783401822	894.4822367586482	3110.966647189757	2895.191987365753	2449.13122541411	3664.831218155951	3405.999755640499	3961.1162116557516	4617.145625359388	4880.993529137455	4407.903590784587	1896.2423022388384	1171.559149339201	0.0	1837.768796848887	744.1965410955166	787.6056535221564	1183.941672530102	1354.928070412529	3666.1271602564407	3232.4525591165325	3320.4226521203045	3720.045019423338	3440.7785302513093	2145.494103684134	2394.0276101980244	2314.293888183779	750.0954061240492	3230.6646628036374	956.5228609155901	956.6480144112682	2674.021660695545	2209.2701159153885	1239.0208567783197	1251.4387324000459
